      2819.3 2798.3 1819.9 1199.6 1061.2 964.4 932.0 930.9 913.1

   -0.00000000  0.00191197 -0.00000000 -0.00000000 -0.38761911 -0.00000000 -0.46692423  0.00000000 -0.00000000 -0.00000000  0.56871090 -0.00000001  0.00000000 -0.55524539 -0.00000000 
   -0.02902647 -0.00000000  0.40883193  0.69446072  0.00000000 -0.00000000 -0.00000000  0.00000000  0.18459795  0.00000000  0.00000001  0.56183790 -0.00000003 -0.00000000  0.00000000 
   -0.00000000  0.00000000  0.00000000  0.00000000 -0.00000000  0.00000000 -0.00000000 -0.16909294  0.00000000 -0.00000000  0.00000000 -0.00000003 -0.56131384  0.00000000 -0.81014465 
    0.21249446  0.16519757 -0.57881514  0.34585759  0.11995164 -0.00000000  0.29851898 -0.00000000  0.01420077 -0.00000000  0.55894709  0.00000024  0.00000000  0.23829800  0.00000000 
    0.11892301  0.10063750 -0.17374380 -0.36686184  0.55504856  0.00000000  0.04953942 -0.00000000  0.07364345  0.00000000  0.00521574  0.56183578 -0.00000003 -0.42345228 -0.00000000 
    0.00000000  0.00000000 -0.00000000 -0.00000000  0.00000000 -0.39206826  0.00000000  0.27065869  0.00000000 -0.58845771  0.00000000 -0.00000003 -0.56205158 -0.00000000  0.33292926 
   -0.21249446  0.16519757  0.57881514 -0.34585759  0.11995164  0.00000000  0.29851898 -0.00000000 -0.01420077 -0.00000000  0.55894709 -0.00000025  0.00000000  0.23829800  0.00000000 
    0.11892301 -0.10063750 -0.17374380 -0.36686184 -0.55504856 -0.00000000 -0.04953942 -0.00000000  0.07364345  0.00000000 -0.00521573  0.56183578 -0.00000003  0.42345228  0.00000000 
    0.00000000 -0.00000000 -0.00000000 -0.00000000 -0.00000000  0.39206826 -0.00000000  0.27065869  0.00000000  0.58845771  0.00000000 -0.00000003 -0.56205158 -0.00000000  0.33292926 
   -0.55720725 -0.57333526 -0.20003059 -0.00828931  0.25485326 -0.00000000 -0.22451846  0.00000000  0.38657357 -0.00000000  0.16069471  0.00000185  0.00000000  0.17350842  0.00000000 
   -0.36028077 -0.36587800 -0.10584003  0.06773745 -0.19354128 -0.00000000  0.49901364  0.00000000 -0.57262348  0.00000000  0.00348023  0.16281782 -0.00000001 -0.28222038 -0.00000000 
   -0.00000000 -0.00000000 -0.00000000  0.00000000 -0.00000000  0.58845771  0.00000000 -0.64222088 -0.00000000 -0.39206826  0.00000000 -0.00000001 -0.16297670 -0.00000000  0.24696342 
    0.55720725 -0.57333526  0.20003059  0.00828931  0.25485326  0.00000000 -0.22451846  0.00000000 -0.38657357 -0.00000000  0.16069471 -0.00000186  0.00000000  0.17350842  0.00000000 
   -0.36028077  0.36587800 -0.10584003  0.06773745  0.19354128  0.00000000 -0.49901364  0.00000000 -0.57262348  0.00000000 -0.00348022  0.16281782 -0.00000001  0.28222038  0.00000000 
   -0.00000000  0.00000000 -0.00000000  0.00000000  0.00000000 -0.58845771 -0.00000000 -0.64222088 -0.00000000  0.39206826  0.00000000 -0.00000001 -0.16297670 -0.00000000  0.24696342 
